room center
background 64 64 64
1020 915,514
1022 1133,318
1021 498,555
1021 1219,714
1024 1542,719
1028 244,482
1100 1131,426
1101 1115,575
1102 1342,727
1103 1121,450
1104 1167,579
1105 1321,701
1100 554,632
1101 792,593
1102 1096,544
1103 1243,781
1104 802,621
1105 1269,719
1204 583,535
1202 416,562
1209 751,456
1210 914,569
1201 1053,671
1207 979,447
1203 866,334
1217 1023,503
1218 1001,532
1219 738,426
1220 721,462
1221 483,510
1222 952,411
1223 725,366
1224 646,349
1217 934,620
1218 898,581
1219 832,484
1220 621,568
1221 1040,306
1222 959,356
1223 898,286
1224 1076,526
1224 954,441
4026 514,77
4006 843,118
4002 785,128
4015 420,131
4007 931,132
4012 480,155
4025 381,161
4005 1007,168
4144 724,190
4001 618,195
4014 488,199
4027 458,218
4004 1094,222
4016 1140,232
4003 955,240
4008 757,246
4141 903,256
4021 1110,256
4022 948,266
4011 991,276
4000 528,280
4023 744,281
4012 696,290
4140 679,296
4004 1049,297
4106 1039,299
4010 398,306
4003 905,311
4011 272,317
4025 1101,320
4013 564,322
4253 987,331
4002 620,341
4252 729,342
4100 540,344
4014 442,345
4026 352,349
4021 1067,366
4145 1451,368
4024 551,370
8002 837,372
4106 321,374
4006 170,377
4024 674,383
4104 409,397
4007 491,399
4013 624,401
4013 430,404
2001 166,409
4009 327,412
4000 235,413
4013 1470,414
2002 279,420
4105 593,425
4142 1367,436
4012 367,437
4254 1025,441
4014 471,441
2003 316,444
4028 912,463
4008 1438,474
4018 1132,488
4005 1307,494
4009 953,499
4020 1663,501
4130 1422,508
4009 1555,514
4020 1340,518
4255 1109,524
4022 979,527
4018 1438,530
4010 1763,543
4017 1296,544
4023 1116,551
4131 1517,557
2006 349,564
4019 1789,576
4132 1274,580
4008 1589,584
2004 315,587
4119 1705,595
2005 355,599
4005 193,605
4019 1233,612
4000 1368,613
4133 1666,617
4006 1543,621
4001 257,625
4108 1466,628
4024 1572,639
4102 687,662
4015 344,665
4012 1670,677
4116 440,682
4010 775,691
4016 868,694
4023 1705,695
4002 300,695
4011 690,700
4103 728,710
4020 908,722
4001 559,728
4003 824,734
4120 1131,738
4004 228,738
4021 958,746
4003 381,754
4017 701,756
4006 605,766
4134 940,770
4101 538,772
4016 459,776
4028 670,777
4018 735,788
4111 1425,789
4109 986,797
4027 498,799
4139 1327,802
4015 908,825
4022 1180,841
4107 1289,842
4000 1078,856
4019 859,859
4007 1531,861
4135 1498,879
4005 1379,882
4136 1183,883
4002 957,889
4028 786,896
4004 1236,899
4026 1413,905
4011 1581,910
4110 1324,912
4021 1674,922
4027 1237,922
4025 1539,927
4137 1219,944
4001 1122,950
4017 1057,964
4138 1461,980
4009 1159,995
4010 1294,1005
4023 1125,1014
4014 1414,1030
4020 1241,1030
9003 715,320
9002 1493,646
9003 627,712
9000 1103,796
9001 518,82
9000 957,55
interaction ascend
  position 743,393
  offset 12,-84
  visible 0,0 45
  active 80,60 55 65
  enter 730,400 treehouse
interaction enter
  position 1264,236
  visible 0,0 44
  active 80,60
  enter 550,550 meadow
interaction enter
  position 1669,767
  visible 0,0 44
  active 80,60
  enter 320,460 moss
interaction enter
  position 107,434
  visible 0,0 44
  active 80,60
  enter 1670,460 swamp
