room meadow
background 64 64 64
1020 836,389
1021 1250,435
1026 617,569
1100 617,413
1101 719,351
1102 915,446
1103 701,426
1104 867,481
1105 799,310
1100 1083,355
1101 892,296
1102 773,454
1103 750,490
1104 1090,366
1105 915,297
1100 1159,452
1101 1381,421
1102 1329,474
1103 1405,453
1104 1110,456
1105 1330,374
1200 1311,561
1202 1442,453
1201 574,376
1222 708,435
1217 846,543
1218 1267,617
1222 1293,657
1222 1219,593
1224 1090,659
1222 782,616
1223 1635,595
1217 1311,552
3016 1222,451
3017 1276,428
3018 1049,394
3019 775,358
4009 845,111
4001 655,118
4008 761,129
4010 1080,155
4100 660,158
4007 709,161
4011 1423,169
4002 807,174
4009 1233,179
4102 1027,184
4007 958,189
4001 868,202
4020 684,202
4014 751,209
4010 1375,211
4022 986,216
4103 718,218
4019 804,221
4145 939,224
4000 550,227
4026 1657,236
4004 438,237
4000 635,238
4002 1060,240
4142 1324,242
3010 678,244
4008 1134,245
4025 959,250
4021 730,254
4018 825,257
4107 407,262
4003 492,265
4131 626,268
4016 871,270
4105 1071,273
4002 1558,274
4012 1619,276
4018 1137,283
4013 570,291
4015 1022,292
4026 828,295
4003 1256,297
4012 1337,297
4028 219,299
4017 1111,305
4005 290,312
4025 1765,312
4017 1295,314
4132 475,315
4004 1418,318
4114 1215,319
4015 615,320
4106 561,321
4101 1385,329
4013 1525,331
4019 1706,333
4019 672,337
4025 1120,344
4010 351,347
4023 1356,355
4011 1447,355
4024 1207,364
3015 1393,367
3010 1090,368
4011 426,370
4013 1664,380
3008 788,382
4021 1230,389
4019 751,396
4101 359,399
4130 518,400
4024 1446,401
3014 1277,401
4020 602,407
4250 810,409
4023 699,414
3008 1184,416
4014 1572,419
4027 380,419
4025 938,420
4012 515,428
3015 1054,430
4027 571,435
3009 1160,435
4011 889,443
4016 1729,450
4018 813,459
4009 444,459
3013 1312,465
4141 1642,466
4006 320,466
3012 1243,467
4018 1778,471
4019 1377,478
4104 493,488
3011 1183,488
4026 274,489
4006 400,497
4015 1680,501
4023 1704,516
4143 1508,520
4028 480,524
4019 1261,528
4003 1608,542
3011 728,543
4023 1295,553
4022 1181,559
4006 1062,562
4254 788,572
4023 1352,573
4017 1636,575
4005 1437,577
4144 1000,581
4253 1290,583
4008 904,596
4256 1612,598
4001 1124,602
4017 1391,608
4026 1071,620
4000 656,621
4019 851,628
4018 1159,633
4020 698,641
4004 1474,643
4252 1363,648
4007 956,649
4005 614,660
4255 1136,662
4024 1721,663
4140 1562,665
4028 992,670
4027 649,682
4020 1659,683
4016 1428,688
4014 1592,708
4021 1385,712
4022 1631,739
9003 1170,194
9002 472,229
9000 821,110
9001 1524,460
interaction enter
  position 490,638
  visible 0,0 44
  active 80,60
  enter 1180,340 center
interaction look
  position 1183,432
  visible 240,180 41
  active 120,90 51 61
  dialog dandelions
