room moss
background 64 64 64
1021 667,497
1020 1123,379
1028 332,475
1103 853,531
1104 1049,514
1105 1002,347
1102 1399,362
1100 804,571
1100 709,400
1103 701,392
1104 640,590
1105 1137,231
1202 526,517
1204 689,470
1209 852,393
1201 1007,459
1210 1169,370
1203 1053,243
1200 1297,322
1201 1309,473
1217 1099,447
1218 943,425
1219 843,359
1220 809,407
1221 1173,353
1222 1220,390
1223 1263,313
1224 549,529
3001 1038,513
3003 1204,531
3004 975,328
3005 877,301
3006 1041,381
3007 959,267
3002 992,545
4028 925,-57
4027 1349,-45
4022 1075,-32
4013 1394,-21
4010 891,31
4138 991,40
4139 1189,56
4026 1546,57
4021 880,63
4008 947,79
4012 1354,81
4007 1097,86
4006 742,91
4003 1208,101
4012 1489,103
4137 1068,110
4020 1097,115
4113 1151,130
4002 620,131
4011 1227,132
4009 1437,140
4122 1338,145
4010 1029,154
4025 1440,155
4019 1033,168
4130 681,169
4145 539,170
4132 601,180
4011 718,180
4017 1199,187
4136 1023,191
4028 1549,192
4018 1098,194
4112 1248,197
4002 921,197
4106 1085,204
4004 1380,204
4001 406,211
4120 658,220
4135 1606,228
4012 774,235
4000 539,237
4009 901,238
4009 306,243
4137 1408,255
4016 1335,255
4005 838,257
4131 707,264
4118 1574,273
4142 376,278
4023 1186,281
4024 1408,290
4105 588,301
4000 1464,302
4140 496,306
4015 306,322
4027 1658,328
4013 619,331
4001 739,333
4136 1538,335
4006 433,339
4003 550,341
4111 518,351
4005 787,358
4016 223,361
4004 665,362
4014 1541,364
4020 735,383
4115 942,384
4026 796,388
4020 249,388
4000 351,394
4008 1629,394
4139 415,398
4028 978,400
4014 430,424
4001 1500,425
4013 1697,427
4021 546,436
4108 1440,441
4018 895,443
4014 1605,450
4015 1558,468
4028 1642,484
4002 1389,511
4109 1347,522
4256 1179,525
4019 882,525
4027 371,525
4007 423,549
4110 1113,555
4014 1506,556
4134 1263,563
4010 928,566
4025 821,569
4008 217,569
4007 1431,578
4017 384,579
4250 847,589
4130 493,591
4141 295,591
4019 974,591
4133 1317,594
4026 1529,596
4022 413,600
4009 693,619
4015 1382,619
4019 242,622
4003 1210,623
4107 740,626
4011 1057,626
4132 631,628
4023 493,628
4006 326,631
4024 809,634
4022 659,641
4252 900,643
4027 1408,643
4028 1088,644
4012 1557,646
4022 1169,646
4021 1012,648
4131 533,653
4000 1315,653
4025 1635,660
4119 442,662
4138 1207,665
4023 1136,671
4001 1484,676
4121 1266,677
4023 396,684
4008 581,688
4018 900,698
4007 283,704
4004 968,705
4024 615,712
4013 1598,715
4017 1199,726
4005 539,727
4002 1448,729
4018 249,729
4024 1484,733
4006 763,737
4020 992,744
4016 1302,746
4021 696,749
4026 1157,758
4117 810,764
4015 1045,768
4004 653,790
4025 857,791
4010 565,799
4017 439,804
4003 963,806
4005 739,820
4011 499,829
4016 538,871
9002 1437,340
9003 505,204
9001 519,575
9000 1227,537
9003 1141,95
9001 1024,339
9000 623,445
interaction enter
  position 187,426
  visible 0,0 44
  active 80,60
  enter 1460,730 center
interaction fungi
  position 1197,212
  offset 21,-7
  visible 240,180 41
  active 120,90 51 61
  dialog fungi
interaction mushrooms
  position 1006,335
  visible 240,180 41
  active 120,90 51 61
  dialog mushrooms
interaction puffballs
  position 1033,529
  visible 240,180 41
  active 120,90 51 61
  dialog puffballs
