room swamp
background 64 64 64
1020 816,264
1020 1257,426
1021 829,513
1021 1102,278
1024 1690,439
2000 701,273
2000 1047,254
1103 713,441
1104 1061,391
1105 1266,312
1102 1358,348
1101 973,435
1100 701,530
1214 1269,481
1203 1182,403
1204 1045,530
1200 1422,405
1201 1438,553
1202 877,575
3016 699,383
3017 1027,356
3018 1128,373
3019 733,417
3004 984,154
3005 875,173
3006 601,182
3007 644,156
3016 1259,578
3017 1489,492
3018 1452,462
3019 660,489
4019 1192,16
4005 823,23
4018 1087,38
4004 1025,43
4003 1134,81
4002 788,83
4130 841,88
4010 689,91
4024 919,92
4004 977,96
4011 868,99
4022 799,100
4017 1172,104
4109 875,105
4007 475,105
4006 612,109
4015 1308,116
4132 1033,120
4025 974,123
4003 736,124
4137 660,126
4021 672,130
4025 1468,136
4012 1044,141
4000 541,145
4136 615,150
4005 1115,150
4131 1084,153
4013 1192,156
4020 1526,166
4026 1144,167
4122 442,168
4016 1249,168
4023 824,169
4250 743,172
4002 1425,173
4020 552,176
2003 1002,188
4106 956,190
2003 797,190
4135 1299,194
4107 523,198
2002 831,198
2004 1079,211
4133 1264,212
2001 959,214
4010 1337,217
2005 1110,221
2001 815,222
2006 1181,225
2002 927,226
4012 1586,227
2006 607,228
2005 632,246
4009 1390,249
4008 381,249
4023 1646,250
4006 1281,255
4138 499,256
4010 1497,259
4009 1434,270
4014 1325,271
4024 1719,273
2004 606,273
4134 1229,278
4027 1287,284
4019 515,286
4028 1349,297
2001 1142,303
4014 1400,311
4001 439,315
2002 1163,317
4013 1498,319
2003 813,319
4011 1676,330
2004 837,331
4007 1218,341
4001 1556,342
4022 1703,347
4105 584,351
4255 539,353
2006 616,354
2005 793,359
4254 905,361
4015 1263,368
4008 1024,376
4108 452,377
4139 707,381
4018 582,391
4021 1531,396
4000 1609,400
4024 1294,413
4028 830,414
4009 978,423
4018 375,425
4017 660,437
4027 1006,441
4017 441,447
4026 1114,462
4016 623,474
4025 1142,476
4016 561,477
4145 898,492
4000 593,531
4144 1598,540
4027 1623,575
4007 1559,588
4015 502,596
4011 602,598
4143 1482,613
4140 1081,616
4023 1185,622
4014 535,626
4008 1359,633
4012 650,633
4026 1518,640
4141 746,642
4028 1311,643
4003 1019,661
4005 1132,667
4013 606,669
4006 1412,672
4022 1088,674
4002 875,677
4001 695,692
4019 573,702
4021 898,702
4142 818,705
4004 995,709
4020 769,742
9002 548,418
9003 776,63
9001 1281,183
9000 884,560
9001 1499,498
interaction enter
  position 1798,480
  visible 0,0 44
  active 80,60
  enter 262,470 center
interaction look
  position 758,357
  offset 4,-46
  visible 240,180 41
  active 80,60 51 61
  dialog cranberries
