sheet exits.png

sprite
bounds 0,0 700,400
layer -100
mask 20,120 220,20 480,20 680,120 680,280 480,380 220,380 20,280

sprite
bounds 700,0 1200,280
layer -100
mask 720,80 860,10 1040,10 1180,80 1180,200 1040,270 860,270 720,200

sprite
bounds 0,680 340,960
layer -100
mask 320,710 320,890 240,930 160,930 80,890 80,830

sprite
bounds 700,460 1200,640
layer -100
mask 1180,480 940,600 820,600 740,560 740,520 820,480

sprite
bounds 700,280 1200,460
layer -100
mask 1180,440 820,440 740,400 740,360 820,320 940,320

sprite
bounds 0,400 340,680
layer -100
mask 320,650 80,530 80,470 160,430 240,430 320,470

sprite
bounds 340,400 680,680
layer -100
mask 360,650 360,470 440,430 520,430 600,470 600,530

sprite
bounds 700,640 1200,820
layer -100
mask 720,800 960,680 1080,680 1160,720 1160,760 1080,800

sprite
bounds 700,820 1200,1000
layer -100
mask 720,840 1080,840 1160,880 1160,920 1080,960 960,960

sprite
bounds 340,680 680,960
layer -100
mask 360,710 600,830 600,890 520,930 440,930 360,890
