sheet furniture.png

sprite
bounds 0,0 90,160
baseline 115
mask -30,120 50,160 90,140 90,110 10,70 -30,90

sprite
bounds 90,0 170,160
baseline 115
mask 70,130 110,150 130,150 170,130 170,100 130,80 110,80 70,100

sprite
bounds 170,0 260,160
baseline 100
mask 150,120 190,140 250,140 250,90 210,70 150,70

sprite
bounds 260,0 430,160
baseline 80
mask 230,80 350,140 430,100 430,70 310,10 230,50

sprite
bounds 430,0 720,160
layer -10


sprite
bounds 0,160 90,290
baseline 250
mask -30,260 50,300 90,280 90,250 10,210 -30,230

sprite
bounds 90,160 160,290
baseline 255
mask 70,260 110,280 120,280 160,260 160,240 120,220 110,220 70,240

sprite
bounds 160,160 620,290
baseline 275
mask 140,220 280,290 500,290 640,220 640,190 620,190 480,260 300,260 160,190 140,190


sprite
bounds 90,290 160,390
baseline 355
mask 70,370 90,380 140,380 160,370 160,340 140,330 90,330 70,340

sprite
bounds 160,290 220,320
baseline 350

sprite
bounds 160,320 220,390
baseline 410
