sheet pine.png

sprite
bounds 0,0 120,280
baseline 200
mask 111,202 111,182 71,162 31,162 -9,182 -9,202 31,222 71,222

sprite
bounds 120,0 240,280
baseline 205
mask 239,209 239,187 195,165 151,165 107,187 107,209 151,231 195,231

sprite
bounds 240,0 360,260
baseline 190
mask 346,190 346,170 306,150 266,150 226,170 226,190 266,210 306,210

sprite
bounds 360,0 460,260
baseline 190
mask 454,191 454,173 418,155 382,155 346,173 346,191 382,209 418,209

sprite
bounds 460,0 560,260
baseline 190
mask 556,190 556,172 520,154 484,154 448,172 448,190 484,208 520,208

sprite
bounds 560,0 660,220
baseline 160
mask 656,161 656,143 620,125 584,125 548,143 548,161 584,179 620,179

sprite
bounds 660,0 760,220
baseline 165
mask 755,169 755,151 719,133 683,133 647,151 647,169 683,187 719,187

sprite
bounds 760,0 860,220
baseline 170
mask 858,175 858,157 822,139 786,139 750,157 750,175 786,193 822,193

sprite
bounds 860,0 980,220
baseline 170
mask 968,175 968,155 928,135 888,135 848,155 848,175 888,195 928,195

sprite
bounds 980,0 1080,220
baseline 170
mask 1076,172 1076,154 1040,136 1004,136 968,154 968,172 1004,190 1040,190

sprite
bounds 1080,0 1200,220
baseline 170
mask 1188,172 1188,152 1148,132 1108,132 1068,152 1068,172 1108,192 1148,192

sprite
bounds 1100,220 1200,400
baseline 360
mask 1195,363 1195,345 1159,327 1123,327 1087,345 1087,363 1123,381 1159,381

sprite
bounds 1000,220 1100,400
baseline 365
mask 1098,368 1098,350 1062,332 1026,332 990,350 990,368 1026,386 1062,386

sprite
bounds 900,220 1000,400
baseline 360
mask 989,362 989,346 957,330 925,330 893,346 893,362 925,378 957,378

sprite
bounds 820,220 900,400
baseline 360
mask 906,362 906,346 874,330 842,330 810,346 810,362 842,378 874,378

sprite
bounds 720,220 820,400
baseline 360
mask 809,364 809,348 777,332 745,332 713,348 713,364 745,380 777,380

sprite
bounds 640,220 720,400
baseline 360
mask 727,362 727,346 695,330 663,330 631,346 631,362 663,378 695,378

sprite
bounds 560,260 640,400
baseline 375
mask 644,378 644,362 612,346 580,346 548,362 548,378 580,394 612,394

sprite
bounds 480,260 560,400
baseline 370
mask 560,373 560,357 528,341 496,341 464,357 464,373 496,389 528,389

sprite
bounds 400,260 480,400
baseline 355
mask 473,360 473,346 445,332 417,332 389,346 389,360 417,374 445,374

sprite
bounds 320,260 400,400
baseline 355
mask 401,359 401,343 369,327 337,327 305,343 305,359 337,375 369,375

sprite
bounds 260,260 320,400
baseline 360
mask 328,363 328,349 300,335 272,335 244,349 244,363 272,377 300,377

sprite
bounds 180,280 260,400
baseline 370
mask 253,375 253,361 225,347 197,347 169,361 169,375 197,389 225,389

sprite
bounds 120,280 180,400
baseline 355
mask 180,359 180,347 156,335 132,335 108,347 108,359 132,371 156,371

sprite
bounds 60,280 120,400
baseline 355
mask 119,359 119,347 95,335 71,335 47,347 47,359 71,371 95,371

sprite
bounds 0,280 60,400
baseline 355
mask 61,359 61,347 37,335 13,335 -11,347 -11,359 13,371 37,371

sprite
bounds 0,400 60,520
baseline 480
mask 67,485 67,471 39,457 11,457 -17,471 -17,485 11,499 39,499

sprite
bounds 60,400 120,520
baseline 475
mask 118,478 118,466 94,454 70,454 46,466 46,478 70,490 94,490

sprite
bounds 120,400 180,520
baseline 475
mask 179,478 179,466 155,454 131,454 107,466 107,478 131,490 155,490

