sheet rocks-2.png

sprite
bounds 0,0 190,120
baseline 70
mask -20,90 30,115 95,115 125,100 150,100 170,90 170,50 150,40 65,40 35,55 10,55 -20,70

sprite
bounds 190,0 370,120
baseline 80
mask 170,90 210,110 295,110 315,100 335,100 345,95 345,65 315,50 200,50 170,65

sprite
bounds 370,0 540,120
baseline 70
mask 350,90 380,105 455,105 515,75 515,50 495,40 390,40 350,60

sprite
bounds 540,0 760,120
baseline 65
mask 515,70 585,105 705,105 735,90 735,50 695,30 565,30 515,55

sprite
bounds 760,0 950,120
baseline 55
mask 735,75 805,110 880,110 930,85 930,45 870,15 785,15 735,40

sprite
bounds 950,0 1080,120
baseline 85
mask 930,90 970,110 1015,110 1045,95 1045,60 1015,45 970,45 930,65

sprite
bounds 1080,0 1200,120
baseline 90
mask 1060,95 1100,115 1140,115 1170,100 1170,70 1150,60 1090,60 1060,75

