sheet trunks-2.png

sprite
bounds 0,0 80,400
baseline 305
mask 56,309 56,297 32,285 8,285 -16,297 -16,309 8,321 32,321

sprite
bounds 80,0 160,400
baseline 305
mask 142,310 142,296 114,282 86,282 58,296 58,310 86,324 114,324

sprite
bounds 160,0 240,400
baseline 305
mask 211,309 211,297 187,285 163,285 139,297 139,309 163,321 187,321

sprite
bounds 240,0 320,400
baseline 305
mask 292,310 292,298 268,286 244,286 220,298 220,310 244,322 268,322

sprite
bounds 320,0 420,400
baseline 305
mask 405,309 405,295 377,281 349,281 321,295 321,309 349,323 377,323

sprite
bounds 420,0 500,400
baseline 305
mask 489,309 489,295 461,281 433,281 405,295 405,309 433,323 461,323

sprite
bounds 500,0 600,400
baseline 305
mask 573,311 573,295 541,279 509,279 477,295 477,311 509,327 541,327

sprite
bounds 600,0 680,400
baseline 305
mask 659,310 659,296 631,282 603,282 575,296 575,310 603,324 631,324

sprite
bounds 680,0 780,400
baseline 305
mask 752,309 752,295 724,281 696,281 668,295 668,309 696,323 724,323

sprite
bounds 780,0 880,400
baseline 305
mask 846,310 846,296 818,282 790,282 762,296 762,310 790,324 818,324

sprite
bounds 0,400 150,900
baseline 780
mask 126,789 126,765 78,741 30,741 -18,765 -18,789 30,813 78,813

sprite
bounds 150,400 290,900
baseline 780
mask 255,786 255,766 215,746 175,746 135,766 135,786 175,806 215,806

sprite
bounds 290,400 440,900
baseline 780
mask 420,790 420,766 372,742 324,742 276,766 276,790 324,814 372,814

sprite
bounds 440,400 610,900
baseline 780
mask 574,791 574,767 526,743 478,743 430,767 430,791 478,815 526,815

sprite
bounds 610,400 780,900
baseline 780
mask 747,788 747,764 699,740 651,740 603,764 603,788 651,812 699,812

sprite
bounds 780,400 910,900
baseline 780
mask 874,786 874,768 838,750 802,750 766,768 766,786 802,804 838,804
