sheet trunks.png

sprite
bounds 0,0 100,400
baseline 285
mask 77,292 77,276 45,260 13,260 -19,276 -19,292 13,308 45,308

sprite
bounds 100,0 180,400
baseline 290
mask 160,292 160,280 136,268 112,268 88,280 88,292 112,304 136,304

sprite
bounds 180,0 260,400
baseline 290
mask 248,294 248,280 220,266 192,266 164,280 164,294 192,308 220,308

sprite
bounds 260,0 340,400
baseline 290
mask 330,297 330,283 302,269 274,269 246,283 246,297 274,311 302,311

sprite
bounds 340,0 440,400
baseline 295
mask 420,302 420,286 388,270 356,270 324,286 324,302 356,318 388,318

sprite
bounds 440,0 640,400
baseline 300
mask 569,303 569,289 541,275 513,275 485,289 485,303 513,317 541,317

sprite
bounds 640,0 800,400
baseline 300
mask 735,305 735,291 707,277 679,277 651,291 651,305 679,319 707,319

sprite
bounds 800,0 970,400
baseline 250
mask 944,271 944,247 896,223 848,223 800,247 800,271 848,295 896,295

sprite
bounds 0,400 200,900
baseline 685
mask 186,717 186,687 126,657 66,657 6,687 6,717 66,747 126,747

sprite
bounds 200,400 390,900
baseline 685
mask 383,714 383,686 327,658 271,658 215,686 215,714 271,742 327,742

sprite
bounds 390,400 600,900
baseline 680
mask 581,714 581,684 521,654 461,654 401,684 401,714 461,744 521,744

sprite
bounds 600,400 800,900
baseline 680
mask 780,717 780,689 724,661 668,661 612,689 612,717 668,745 724,745

sprite
bounds 800,400 985,900
baseline 695
mask 975,720 975,692 919,664 863,664 807,692 807,720 863,748 919,748

sprite
bounds 985,400 1200,900
baseline 685
mask 1174,714 1174,684 1114,654 1054,654 994,684 994,714 1054,744 1114,744

sprite
bounds 0,900 250,1400
baseline 1230
mask 183,1241 183,1211 123,1181 63,1181 3,1211 3,1241 63,1271 123,1271

sprite
bounds 250,900 520,1400
baseline 1235
mask 442,1243 442,1217 390,1191 338,1191 286,1217 286,1243 338,1269 390,1269

sprite
bounds 520,900 820,1400
baseline 1240
mask 771,1253 771,1219 703,1185 635,1185 567,1219 567,1253 635,1287 703,1287

sprite
bounds 1000,0 1200,205
baseline 115
mask 1164,127 1164,101 1112,75 1060,75 1008,101 1008,127 1060,153 1112,153

sprite
bounds 1000,205 1200,400
baseline 305
mask 1156,318 1156,294 1108,270 1060,270 1012,294 1012,318 1060,342 1108,342

sprite
bounds 820,900 1000,1130
baseline 1045
mask 971,1053 971,1029 923,1005 875,1005 827,1029 827,1053 875,1077 923,1077

sprite
bounds 1000,900 1200,1150
baseline 1050
mask 1136,1060 1136,1038 1092,1016 1048,1016 1004,1038 1004,1060 1048,1082 1092,1082

sprite
bounds 820,1130 1000,1400
baseline 1290
mask 970,1308 970,1284 922,1260 874,1260 826,1284 826,1308 874,1332 922,1332

sprite
bounds 1000,1150 1200,1400
baseline 1305
mask 1151,1316 1151,1292 1103,1268 1055,1268 1007,1292 1007,1316 1055,1340 1103,1340
